0.11        30            25         20
0.15        60            55         49.7
0.20        129           106        92.0 
0.25        230           196        120        
0.30        322           195        125        
0.40        435           202        98.0        
0.50        457           168        81.5        
0.70        380           127        60.2        
1.00        270           79.2       39.4          
1.50        168           47.8       24.1
2.00        120           34.6       16.5        
2.50        89.0          28.6       12.5        
3.00        70.3          23.1       9.12        
4.00        47.0          14.3       5.62        
6.00        24.7          5.95       1.69        
8.00        12.6          2.23       0.520        
10.00       7.42          0.900      0.161        
12.50       3.96          0.363      0.0520        
15.00       2.33          0.162      0.0141       
17.50       1.34          0.0660     0.0    
20.00       0.80          0.0330     0.0   
30.00       0.0	          0.0        0.0
40.00       0.0	          0.0        0.0
50.00       0.0	          0.0        0.0
60.00       0.0	          0.0        0.0
70.00       0.0	          0.0        0.0
80.00       0.0	          0.0        0.0
90.00       0.0	          0.0        0.0
100.00       0.0	          0.0        0.0
110.00       0.0	          0.0        0.0
120.00       0.0	          0.0        0.0
130.00       0.0	          0.0        0.0
140.00       0.0	          0.0        0.0
150.00       0.0	          0.0        0.0
160.00       0.0	          0.0        0.0
170.00       0.0	          0.0        0.0
180.00       0.0	          0.0        0.0
190.00       0.0	          0.0        0.0
200.00       0.0	          0.0        0.0